# '09_18':  3.65456e-06    # Auriga values commented out
# '17_11':  3.65456e-06
# '37_11':  3.65456e-06
'09_18':  2.42337e-06
'17_11':  2.42337e-06
'37_11':  2.42337e-06
'i_09_10':  1.93869e-05
'i_09_16':  1.93869e-05
'i_09_17':  1.93869e-05
'i_09_18':  1.93869e-05
'i_09_19':  1.93869e-05
'i_17_10':  1.93869e-05
'i_17_11':  1.93869e-05
'i_17_13':  1.93869e-05
'i_17_14':  1.93869e-05
'i_37_11':  1.93869e-05
'i_37_12':  1.93869e-05
'i_37_16':  1.93869e-05
'i_37_17':  1.93869e-05
